20 1241
60 4681
84 2093
151 2487
195 537
369 656
390 3228
472 3103
595 4501
601 1562
644 3106
648 3050
667 4456
705 3400
726 1378
750 2033
766 2158
794 3796
839 2731
880 330
949 69
1019 931
1140 790
1309 3522
1331 2317
1343 4133
1355 2498
1432 2551
1543 2763
1745 1657
1774 1725
1775 128
1789 1172
1868 2760
1894 1571
1968 4948
2007 2275
2031 255
2037 608
2038 1435
2110 2205
2167 1017
2172 3918
2219 2907
2247 3204
2261 4696
2277 2212
2279 630
2313 4029
2359 3539
2433 2255
2435 307
2492 3105
2499 4926
2504 4715
2907 600
2913 1946
2975 1589
2978 958
3014 3709
3039 248
3046 1267
3057 3297
3065 1285
3140 2254
3178 1463
3193 2016
3208 1979
3210 1481
3290 1847
3309 618
3396 1767
3409 3227
3475 1306
3545 3955
3557 2221
3632 4816
3640 4996
3644 618
3721 4531
3750 840
3770 242
3860 2925
3868 1310
3874 3964
3966 4219
3985 440
4035 3852
4183 3791
4218 439
4243 1604
4267 3730
4285 2388
4309 3622
4324 3865
4351 227
4368 2846
4440 2533
4518 1260
4683 1876
4688 1883
4751 3045
4805 1241
4853 4151
4871 4118
4876 3722
4907 1868
4981 4532
4983 1828
5162 2389
5201 1286
5228 1816
5254 3149
5270 3821
5271 1507
5361 236
5371 4744
5413 1945
5431 1902
5552 1438
5573 2940
5576 4675
5663 2423
5724 4182
5780 2350
5803 1650
5810 1301
5811 3304
5920 459
5935 681
5938 3447
5974 1489
6188 3490
6206 2493
6217 1769
6229 4552
6280 3325
6443 2417
6478 2482
6527 518
6559 1114
6574 1126
6631 24
6663 3886
6680 4217
6696 1328
6708 722
6745 4854
6771 2229
6845 1632
6869 3123
6927 2731
6940 4506
6961 2714
7021 3514
7056 4157
7058 2325
7091 2009
7101 2527
7146 4082
7189 2312
7219 3567
7254 3980
7294 3470
7332 2702
7362 4343
7407 3051
7472 4461
7492 4488
7502 3085
7558 1821
7585 4254
7622 1704
7629 519
7668 1541
7703 3311
7725 2655
7831 3685
7850 192
7888 4076
7897 4913
7921 2271
8006 4826
8061 4228
8088 71
8116 2614
8118 4002
8136 3716
8223 1339
8235 4316
8258 2113
8282 436
8336 1510
8439 2000
8475 1359
8527 1498
8648 3287
8671 852
8767 4189
8789 3304
8805 4688
8902 1667
8917 1915
8925 4529
9106 1001
9111 2553
9159 639
9199 2381
9214 1612
9215 4131
9218 1371
9258 4695
9293 4364
9323 1444
9335 4056
9400 921
9457 270
9478 1116
9680 1173
9719 3140
9812 4542
9911 215
9972 3898
9992 4565
